-1 -6
-0.99 -5.861097
-0.98 -5.724376
-0.97 -5.589819
-0.96 -5.457408
-0.95 -5.327125
-0.94 -5.198952
-0.93 -5.072871
-0.92 -4.948864
-0.91 -4.826913
-0.9 -4.707
-0.89 -4.589107
-0.88 -4.473216
-0.87 -4.359309
-0.86 -4.247368
-0.85 -4.137375
-0.84 -4.029312
-0.83 -3.923161
-0.82 -3.818904
-0.81 -3.716523
-0.8 -3.616
-0.79 -3.517317
-0.78 -3.420456
-0.77 -3.325399
-0.76 -3.232128
-0.75 -3.140625
-0.74 -3.050872
-0.73 -2.962851
-0.72 -2.876544
-0.71 -2.791933
-0.7 -2.709
-0.69 -2.627727
-0.68 -2.548096
-0.67 -2.470089
-0.66 -2.393688
-0.65 -2.318875
-0.64 -2.245632
-0.63 -2.173941
-0.62 -2.103784
-0.61 -2.035143
-0.6 -1.968
-0.59 -1.902337
-0.58 -1.838136
-0.57 -1.775379
-0.56 -1.714048
-0.55 -1.654125
-0.54 -1.595592
-0.53 -1.538431
-0.52 -1.482624
-0.51 -1.428153
-0.5 -1.375
-0.49 -1.323147
-0.48 -1.272576
-0.47 -1.223269
-0.46 -1.175208
-0.45 -1.128375
-0.44 -1.082752
-0.43 -1.038321
-0.42 -0.995064
-0.41 -0.952963
-0.4 -0.912
-0.39 -0.872157
-0.38 -0.833416
-0.37 -0.795759
-0.36 -0.759168
-0.35 -0.723625
-0.34 -0.689112
-0.33 -0.655611
-0.32 -0.623104
-0.31 -0.591573
-0.3 -0.561
-0.29 -0.531367
-0.28 -0.502656
-0.27 -0.474849
-0.26 -0.447928
-0.25 -0.421875
-0.24 -0.396672
-0.23 -0.372301
-0.22 -0.348744
-0.21 -0.325983
-0.2 -0.304
-0.19 -0.282777
-0.18 -0.262296
-0.17 -0.242539
-0.16 -0.223488
-0.15 -0.205125
-0.14 -0.187432
-0.13 -0.170391
-0.12 -0.153984
-0.11 -0.138193
-0.1 -0.123
-0.09 -0.108387
-0.08 -0.094336
-0.07 -0.080829
-0.06 -0.067848
-0.05 -0.055375
-0.04 -0.043392
-0.03 -0.031881
-0.02 -0.020824
-0.01 -0.010203
0 0
0.01 0.009803
0.02 0.019224
0.03 0.028281
0.04 0.036992
0.05 0.045375
0.06 0.053448
0.07 0.061229
0.08 0.068736
0.09 0.075987
0.1 0.083
0.11 0.089793
0.12 0.096384
0.13 0.102791
0.14 0.109032
0.15 0.115125
0.16 0.121088
0.17 0.126939
0.18 0.132696
0.19 0.138377
0.2 0.144
0.21 0.149583
0.22 0.155144
0.23 0.160701
0.24 0.166272
0.25 0.171875
0.26 0.177528
0.27 0.183249
0.28 0.189056
0.29 0.194967
0.3 0.201
0.31 0.207173
0.32 0.213504
0.33 0.220011
0.34 0.226712
0.35 0.233625
0.36 0.240768
0.37 0.248159
0.38 0.255816
0.39 0.263757
0.4 0.272
0.41 0.280563
0.42 0.289464
0.43 0.298721
0.44 0.308352
0.45 0.318375
0.46 0.328808
0.47 0.339669
0.48 0.350976
0.49 0.362747
0.5 0.375
0.51 0.387753
0.52 0.401024
0.53 0.414831
0.54 0.429192
0.55 0.444125
0.56 0.459648
0.57 0.475779
0.58 0.492536
0.59 0.509937
0.6 0.528
0.61 0.546743
0.62 0.566184
0.63 0.586341
0.64 0.607232
0.65 0.628875
0.66 0.651288
0.67 0.674489
0.68 0.698496
0.69 0.723327
0.7 0.749
0.71 0.775533
0.72 0.802944
0.73 0.831251
0.74 0.860472
0.75 0.890625
0.76 0.921728
0.77 0.953799
0.78 0.986856
0.79 1.020917
0.8 1.056
0.81 1.092123
0.82 1.129304
0.83 1.167561
0.84 1.206912
0.85 1.247375
0.86 1.288968
0.87 1.331709
0.88 1.375616
0.89 1.420707
0.9 1.467
0.91 1.514513
0.92 1.563264
0.93 1.613271
0.94 1.664552
0.95 1.717125
0.96 1.771008
0.97 1.826219
0.98 1.882776
0.99 1.940697
1 2
